Contig: 0
0-100: 508 584 526 380 560 602 379 225 525 607 185 370 263 519 419 547 340
100-200: 40 176 47 303 356 255 150 289 540 10 558 312 609 108 279 563 197 222 421
200-300: 480 319 362 94 591 76 214 217 468 219 309 33 139 180 313 385 585 345 311
300-400: 154 198 450 351 175 542 543 145 451 80 473 384 518 336 396 228 190 73 499 601
400-500: 223 328 430 265 428 353 268 287 446 600 531 574 339 575 366 355 227 530 67 127 441 251 276 224
500-600: 193 19 50 457 476 172 503 545 523 209 60 96 483 204 194
600-700: 159 477 427 243 13 240 544 77 489 171 34 436 83 469 522 266 539 241 333 567 587 501 55 300
700-800: 320 230 239 220 29 377 397 86 404 260 447 290 459 434 126 344 515 293 143 191 502 491 6 416
800-900: 54 426 529 142 61 23 420 92 275 432 71 294 454 440 68 42
900-1000: 104 257 338 549 490 4 405 350 521 136 123 296 256 236 292 471 475 321 595 494 25 281 431 1 589 448 456 504


Contig: 1
0-100: 93 364 218 493 195 557 264 69 130 541 572 11 561 97 129 565 274 211 196 445 153 207
100-200: 203 452 392 2 103 556 424 57 594 116 535 202 458 495 15 5 474 117 144 444 302
200-300: 44 323 70 213 442 551 133 262 554 349 520 45 492 163 31 412 359 49
300-400: 111 418 101 152 64 381 487 192 367 373 394 146 16 79 235 212 232 113 267 511 215 315 386
400-500: 583 596 496 234 288 169 578 166 226 46 250 552 576 261 604 161 548 95 527 553 505 98 368 564
500-600: 415 246 17 187 506 555 109 389 247 20 498 537
600-700: 395 571 164 346 53 82 590 134 371 354 132 536 318 482 343 374 39 341 425 481 285 538
700-800: 325 249 580 299 160 173 141 120 399 7 599 308 534 393 119 438 593 51 337
800-900: 467 342 189 464 332 58 112 335 72 588 99 162 88 52 252 284 3 510 573 48 437 165 388
900-1000: 138 184 398 183 286 378 14 330 413 324 460 91 81 546 273 512 375 237 462 124 533 8 433 254 497 532


Contig: 2
0-100: 231 500 423 439 170 32 200 408 352 210 221 562 205 422 100 167 363
100-200: 84 248 59 75 179 358 317 410 484 466 22 30 606 253 188 149 310 270 199
200-300: 115 107 38 485 417 550 348 121 277 258 181 524 597 479 102 314 429 178 455
300-400: 118 182 282 327 517 242 326 271 603 559 365 135 611 63 582 158 24 36 478 360 283 106 569 406 295
400-500: 568 581 27 514 110 74 304 78 598 486 301 291 465 305
500-600: 610 269 390 114 137 280 409 298 402 577 12 155 579 128 400 186 488 28 35
600-700: 443 369 472 140 43 21 347 18 201 507 401 151 229 586 9 131 157 156 306 56 206 414 612 470
700-800: 85 174 407 168 87 307 147 245 361 387 592 570 238 357 461 148 233 177 605 41 26 89
800-900: 65 566 435 278 259 329 62 376 513 66 411 90 122 316
900-1000: 37 216 463 334 244 331 372 608 528 297 509 272 403 516 125 453 449 322 382 383


