Contig: 0
0-100: 583 584 585 586 587 588 589 590 591 592 593 594 595 596 597 598 599 600 601 602 603 604 605 606 607 608 609 610 611 612 552 553 555 556 557 558 559
100-200: 560 561 562 563 564 565 568 569 570 571 572 573 574 575 576 577 578 579 580 581 582
200-300: 
300-400: 518 526
400-500: 481 482 483 486 487 493 494 495 499 500 501 502 504 507 484 485 488 489 490 503 505 509 510 511 515 517 521 522 529 532 534 537 540 543
500-600: 545 547 548 549 550 551 554 523 524 491 492 496 497 530 498 531 533 535 538 506 508 541 544 512 513 514 516 519 520 525 10 527 528 536 539 24 542 546 1
600-700: 6 7 8 25 11 4 2 3 5 9 12 13 14
700-800: 15 18 19 20 21 23 26 28 29 30 424
800-900: 16 17 22 27 31 32 33 34 432 440 421 426 427 430 431 435 438 439 441 443 446 447 456
900-1000: 464 448 449 450 451 419 452 420 454 455 457 425 458 459 460 461 428 429 462 463 466 433 434 467 468 436 437 442 444 445 453


Contig: 1
0-100: 206 207 208 215 209 210 211 212 213 217 219 220 216 222 224 223 226 227
100-200: 225 228 193 195 196 197 198 199 200 201 202 203 204 205 214 218 221 229 230
200-300: 80 82 83 86 70 71 72 61 73 62 63 64 65 67 79 51 53 56 57 66 68 69
300-400: 74 75 76 77 78 81 52 54 58 59 60 35 36
400-500: 39 43 45 46 47 48
500-600: 38 40 42
600-700: 366 368 370 37 41 44 49
700-800: 371 372 374
800-900: 50 55 373


Contig: 2
0-100: 231 232 233 234 235 236 237 238 239 240 241 242 243 244 245 246 247 248 249 250 251 252 253 254 255 256 257 258 259 260 261 262 263
100-200: 376 377 378 379 380 381 382 383 384 385 386 387 388 389 390 391 392 393 394 395 396 397 398 399 400 401 402 403 404 405 406 407 408 409 410 411 412 413 414 415 416 417 418 422 423
200-300: 264 265 266 267 268 269 270 271 272 273 274 275 276 277 278 279 280 281 282 283 284 285 286 287 288 289 290 291 292 293 294 295 296 297 298 299 300 301 302 303 304 305 306 307 308 309 310 311 312 313 314 315 316 317 318 319 320 321 322 323 324 325 326 327 328 329 330 331 332 333 334 335 336 337 338
300-400: 339 340 341 342 343 344 345 346 347 348 349 350 351 352 353 354 355 356 357 358 359 360 361 362 363 364 365 367 369
400-500: 84 85 87 88 89 90 91 92 93 94 95 96 97 98 99 100 101 102 103 104 105 106 107 108 109 110 111 112 113 114 115 116 117 118 119 120 121 122 123 124 125 126 127 128 129 130 131 132 133 134 135 136 137 138 139 140 141 142 143 144 145 146 147 148 149 150 151 152 153 154 155 156 157 158 159 160 161 162 163 164 165 166 167 168 169 170 171 172 173 174 175 176 177 178 179 180 181
500-600: 182 183 184 185 186 187 188 189 190 191 192 194
600-700: 566 567
700-800: 474 475 476 477 478 479 480
800-900: 469 470 471 472
900-1000: 


