497,0,537,108.11780118
389,2,120,19.9411360146
510,1,887,230.258509299
253,2,22,194.620489913
346,2,307,36.4203203446
494,0,534,19.1302057983
5,0,686,22.4260426643
66,1,819,177.735840475
15,1,169,230.258509299
232,1,376,230.258509299
26,0,814,19.1302057983
268,2,229,49.6036678086
219,0,249,230.258509299
316,2,277,19.9411360146
106,2,424,19.9411360146
397,0,715,230.258509299
495,0,535,35.6093901284
111,2,429,19.9411360146
148,1,80,19.5356709064
203,1,133,19.5356709064
556,0,96,22.4260426643
457,0,987,177.330375367
150,1,82,19.5356709064
257,2,26,191.324653047
144,1,192,230.258509299
293,0,777,230.258509299
279,2,240,19.9411360146
436,0,966,19.1302057983
502,0,542,19.1302057983
179,1,111,19.5356709064
608,0,25,52.0885744584
205,1,135,19.5356709064
292,2,253,19.9411360146
423,0,604,200.401233429
35,1,785,22.8315077724
241,2,10,19.9411360146
18,0,806,22.4260426643
398,2,129,197.916326779
372,2,103,56.1953415406
575,0,115,22.4260426643
496,0,536,19.1302057983
55,1,805,19.5356709064
267,2,228,62.7870152726
607,0,24,180.626212233
136,1,70,26.1273446385
406,2,137,19.9411360146
59,1,811,42.6065289685
33,0,821,25.7218795303
514,2,425,230.258509299
581,0,121,25.7218795303
272,2,947,230.258509299
84,2,402,188.028816181
43,1,793,19.5356709064
157,1,89,19.5356709064
546,0,86,38.9052269944
89,2,407,181.437142449
589,0,6,38.9052269944
505,0,545,19.1302057983
243,2,12,19.9411360146
188,1,120,19.5356709064
367,1,331,230.258509299
415,2,146,36.4203203446
488,0,528,19.1302057983
72,1,820,75.5648976285
343,1,660,230.258509299
407,2,138,19.9411360146
580,0,120,22.4260426643
533,0,573,42.2010638604
435,2,810,230.258509299
222,1,154,65.6773870305
303,2,264,19.9411360146
277,2,238,23.2369728806
606,0,23,75.1594325204
40,1,790,19.5356709064
530,0,570,38.9052269944
79,1,358,230.258509299
93,2,411,23.2369728806
524,0,564,25.7218795303
542,0,349,230.258509299
221,1,151,19.5356709064
507,0,347,197.105396563
87,2,405,19.9411360146
591,0,8,42.2010638604
200,1,130,19.5356709064
344,2,305,19.9411360146
105,2,423,19.9411360146
566,2,808,230.258509299
470,2,698,230.258509299
73,1,825,36.0148552365
23,0,811,19.1302057983
543,0,349,230.258509299
347,2,628,230.258509299
315,2,276,19.9411360146
58,1,817,230.258509299
83,0,638,230.258509299
230,1,160,26.1273446385
101,2,419,19.9411360146
499,0,539,104.821964314
138,1,70,19.5356709064
329,2,290,19.9411360146
403,2,134,19.9411360146
151,1,81,19.5356709064
577,0,117,19.1302057983
337,2,298,19.9411360146
158,1,92,19.5356709064
421,0,951,29.0177163963
350,2,311,46.3078309426
274,2,235,43.0119940766
53,1,805,45.9023658345
76,1,829,174.440003609
160,1,90,19.5356709064
368,2,329,59.4911784066
234,2,3,19.9411360146
463,0,993,180.626212233
429,0,959,22.4260426643
340,2,301,19.9411360146
345,2,306,19.9411360146
239,2,8,19.9411360146
50,1,800,19.5356709064
47,1,797,19.5356709064
237,2,6,19.9411360146
412,2,143,19.9411360146
371,2,102,59.4911784066
374,2,105,191.324653047
27,0,815,19.1302057983
54,1,804,19.5356709064
411,2,872,230.258509299
284,2,245,19.9411360146
563,0,103,19.1302057983
333,2,294,19.9411360146
424,1,130,230.258509299
393,2,124,19.9411360146
319,2,280,23.2369728806
96,2,414,19.9411360146
561,0,101,108.11780118
405,2,136,19.9411360146
212,1,144,52.4940395665
135,1,67,19.5356709064
256,2,25,39.7161572106
31,0,819,19.1302057983
490,0,530,19.1302057983
298,2,259,19.9411360146
190,1,120,19.5356709064
182,1,112,19.5356709064
57,1,807,22.8315077724
573,0,113,19.1302057983
80,2,398,49.6036678086
512,0,552,35.6093901284
354,2,315,33.1244834786
596,0,13,58.6802481904
487,0,527,193.809559697
128,1,60,19.5356709064
110,2,428,19.9411360146
513,0,553,38.9052269944
528,0,68,78.4552693864
386,2,991,178.141305583
62,1,812,29.4231815045
498,0,538,19.1302057983
209,0,561,230.258509299
248,2,17,19.9411360146
430,0,960,35.6093901284
598,0,15,42.2010638604
254,2,23,29.8286466126
382,2,113,29.8286466126
321,2,282,19.9411360146
255,2,24,26.5328097466
585,0,287,230.258509299
169,1,422,230.258509299
163,1,98,190.919187939
338,2,299,29.8286466126
11,0,692,22.4260426643
213,1,214,230.258509299
175,0,343,230.258509299
567,0,675,230.258509299
579,2,560,230.258509299
466,0,996,19.1302057983
432,0,875,230.258509299
97,2,415,19.9411360146
317,2,278,188.028816181
302,2,263,19.9411360146
503,0,543,190.513722831
468,0,998,19.1302057983
24,2,345,230.258509299
574,0,114,19.1302057983
271,2,232,52.8995046746
504,0,544,19.1302057983
184,1,116,19.5356709064
201,1,131,19.5356709064
131,1,63,19.5356709064
130,1,64,32.7190183705
81,2,399,33.1244834786
42,1,792,19.5356709064
187,1,117,19.5356709064
492,0,532,187.217885965
480,0,520,68.5677587884
410,2,141,19.9411360146
438,0,968,180.626212233
278,2,239,23.2369728806
401,2,132,19.9411360146
360,2,321,43.0119940766
485,0,525,124.59698551
471,2,992,19.9411360146
473,2,994,19.9411360146
335,2,296,19.9411360146
177,1,109,19.5356709064
391,2,122,23.2369728806
113,2,431,19.9411360146
358,2,319,36.4203203446
420,0,950,29.0177163963
199,1,129,19.5356709064
355,2,316,29.8286466126
568,0,108,118.005311778
149,1,84,190.919187939
286,2,247,43.0119940766
36,1,786,22.8315077724
422,2,153,46.3078309426
259,2,28,29.8286466126
194,0,598,230.258509299
357,2,318,33.1244834786
214,1,144,19.5356709064
140,1,70,19.5356709064
236,2,5,194.620489913
456,0,986,19.1302057983
439,0,969,19.1302057983
453,0,983,19.1302057983
141,1,71,19.5356709064
611,2,331,230.258509299
299,2,260,19.9411360146
323,2,284,19.9411360146
45,1,240,230.258509299
245,2,14,19.9411360146
208,1,140,45.9023658345
32,0,820,22.4260426643
560,0,100,19.1302057983
244,2,13,23.2369728806
600,0,17,42.2010638604
250,2,19,23.2369728806
486,0,526,22.4260426643
251,2,20,19.9411360146
64,1,812,55.7898764325
156,1,86,19.5356709064
414,2,145,19.9411360146
586,0,3,38.9052269944
60,1,808,49.1982027005
595,0,12,45.4969007264
461,0,991,19.1302057983
240,2,9,19.9411360146
134,1,628,230.258509299
525,0,565,29.0177163963
553,0,93,25.7218795303
285,1,696,230.258509299
538,0,78,58.6802481904
103,2,421,19.9411360146
376,2,107,46.3078309426
217,0,524,200.401233429
565,0,105,19.1302057983
304,2,265,19.9411360146
531,0,71,71.8635956544
506,0,546,19.1302057983
266,2,227,52.8995046746
152,1,84,19.5356709064
365,2,326,52.8995046746
594,0,11,52.0885744584
325,2,286,19.9411360146
162,1,92,19.5356709064
520,0,560,22.4260426643
228,0,535,150.963680439
86,2,404,36.4203203446
153,1,85,19.5356709064
547,0,87,38.9052269944
361,2,322,49.6036678086
52,1,800,36.0148552365
88,2,406,33.1244834786
82,1,835,184.327514207
539,0,664,230.258509299
491,0,531,19.1302057983
114,2,432,19.9411360146
70,1,822,32.7190183705
363,2,324,46.3078309426
310,2,271,184.732979315
308,2,269,19.9411360146
482,1,659,230.258509299
270,2,231,52.8995046746
71,1,821,52.4940395665
301,2,262,19.9411360146
348,2,309,39.7161572106
475,2,996,36.4203203446
381,2,112,33.1244834786
540,0,80,52.0885744584
352,2,313,23.2369728806
295,2,256,19.9411360146
202,1,132,19.5356709064
493,0,533,42.2010638604
578,0,118,22.4260426643
125,1,57,19.5356709064
122,1,54,22.8315077724
17,0,805,22.4260426643
312,2,273,19.9411360146
455,0,985,19.1302057983
334,2,295,19.9411360146
477,2,998,19.9411360146
30,0,818,22.4260426643
428,0,958,25.7218795303
599,1,754,230.258509299
247,2,16,19.9411360146
109,2,427,181.437142449
19,0,807,19.1302057983
465,0,995,19.1302057983
516,2,959,230.258509299
280,2,241,19.9411360146
223,0,530,150.963680439
16,0,804,22.4260426643
137,2,517,230.258509299
605,0,22,45.4969007264
123,1,53,36.0148552365
206,1,138,42.6065289685
67,1,819,29.4231815045
431,0,961,19.1302057983
197,1,127,19.5356709064
226,1,158,75.5648976285
41,1,793,72.2690607625
557,0,42,206.992907161
419,0,949,32.3135532624
588,0,5,38.9052269944
115,2,433,19.9411360146
434,0,964,19.1302057983
235,2,4,19.9411360146
168,2,721,230.258509299
195,1,125,19.5356709064
227,1,159,75.5648976285
394,2,125,19.9411360146
159,1,89,19.5356709064
562,0,102,19.1302057983
198,1,128,19.5356709064
341,2,302,19.9411360146
242,2,318,230.258509299
211,1,141,19.5356709064
508,0,2,230.258509299
554,0,94,101.526127448
601,0,383,230.258509299
92,2,410,19.9411360146
37,1,787,22.8315077724
483,0,523,25.7218795303
181,2,252,230.258509299
297,2,258,19.9411360146
233,2,2,19.9411360146
90,2,408,26.5328097466
447,0,977,19.1302057983
330,2,291,19.9411360146
231,2,0,19.9411360146
362,2,323,49.6036678086
400,2,131,19.9411360146
85,2,403,26.5328097466
369,2,100,188.028816181
65,2,806,230.258509299
409,2,140,19.9411360146
479,1,654,197.510861671
146,1,78,19.5356709064
402,2,133,19.9411360146
282,2,243,194.620489913
261,2,30,33.1244834786
322,2,283,19.9411360146
437,0,967,22.4260426643
518,0,360,230.258509299
305,2,266,19.9411360146
408,2,139,19.9411360146
336,2,297,19.9411360146
178,2,292,230.258509299
176,1,108,19.5356709064
527,0,567,32.3135532624
484,0,524,25.7218795303
164,1,99,190.919187939
469,2,990,23.2369728806
307,2,268,19.9411360146
441,0,971,19.1302057983
294,2,255,23.2369728806
366,2,327,52.8995046746
392,2,123,19.9411360146
246,2,15,194.620489913
388,1,898,230.258509299
460,0,990,180.626212233
571,0,111,19.1302057983
183,1,928,230.258509299
378,2,109,43.0119940766
142,1,74,19.5356709064
583,0,0,144.372006706
196,1,126,19.5356709064
526,0,66,131.188659242
207,1,137,19.5356709064
433,0,963,19.1302057983
276,2,237,36.4203203446
112,1,817,230.258509299
215,1,147,55.7898764325
173,1,107,52.4940395665
425,0,955,25.7218795303
9,0,690,19.1302057983
98,2,416,19.9411360146
6,0,687,22.4260426643
1,0,682,25.7218795303
458,0,988,22.4260426643
165,1,95,19.5356709064
224,1,156,72.2690607625
126,2,238,188.028816181
587,0,4,38.9052269944
139,2,251,188.028816181
290,2,251,197.916326779
454,0,984,19.1302057983
133,1,65,19.5356709064
517,0,557,48.7927375924
95,2,413,19.9411360146
537,0,77,58.6802481904
413,2,144,19.9411360146
569,2,388,230.258509299
356,2,317,36.4203203446
180,1,110,19.5356709064
204,1,134,19.5356709064
555,0,95,22.4260426643
291,2,252,19.9411360146
313,2,274,19.9411360146
104,2,422,19.9411360146
370,2,101,62.7870152726
444,0,974,19.1302057983
210,1,142,45.9023658345
609,0,26,85.0469431184
592,2,736,230.258509299
550,0,90,35.6093901284
416,2,147,29.8286466126
260,0,735,230.258509299
320,2,281,19.9411360146
275,2,236,39.7161572106
118,2,436,46.3078309426
121,1,51,36.0148552365
390,2,121,19.9411360146
445,0,975,19.1302057983
119,1,773,230.258509299
263,2,32,52.8995046746
21,0,809,19.1302057983
481,0,521,65.2719219224
404,2,135,19.9411360146
448,0,978,19.1302057983
417,2,148,194.620489913
359,2,320,46.3078309426
318,2,279,19.9411360146
418,2,149,26.5328097466
339,0,432,230.258509299
353,0,422,230.258509299
593,0,10,45.4969007264
25,0,813,19.1302057983
51,1,801,19.5356709064
576,0,116,22.4260426643
216,0,523,134.484496108
193,1,123,19.5356709064
324,2,285,184.732979315
3,0,684,75.1594325204
467,0,997,22.4260426643
545,0,85,101.526127448
46,1,794,26.1273446385
287,2,248,191.324653047
612,0,29,58.6802481904
519,0,559,22.4260426643
399,2,130,19.9411360146
603,0,20,167.442864769
288,2,249,19.9411360146
501,0,541,19.1302057983
584,0,1,48.7927375924
572,0,112,118.005311778
427,0,608,193.809559697
189,1,123,92.0440819585
442,0,972,19.1302057983
472,2,993,19.9411360146
63,1,813,32.7190183705
426,0,956,45.4969007264
12,0,693,75.1594325204
170,1,100,19.5356709064
521,0,927,230.258509299
534,0,574,42.2010638604
544,0,84,42.2010638604
385,2,116,36.4203203446
166,1,96,19.5356709064
49,0,512,187.217885965
38,1,786,26.1273446385
529,0,569,35.6093901284
61,1,813,36.0148552365
75,2,115,230.258509299
570,0,110,19.1302057983
446,0,976,19.1302057983
116,2,434,39.7161572106
549,0,918,230.258509299
349,1,232,230.258509299
478,0,518,75.1594325204
602,0,19,71.8635956544
375,1,969,230.258509299
351,2,312,49.6036678086
443,0,973,19.1302057983
186,1,116,19.5356709064
500,0,540,22.4260426643
451,0,981,19.1302057983
264,1,35,230.258509299
155,2,558,230.258509299
522,0,658,230.258509299
185,1,115,19.5356709064
450,0,980,19.1302057983
8,0,689,19.1302057983
476,2,997,19.9411360146
459,0,764,230.258509299
102,2,420,19.9411360146
94,2,412,174.845468717
387,2,735,230.258509299
117,2,435,43.0119940766
604,0,21,170.738701635
167,1,97,19.5356709064
161,1,93,19.5356709064
558,0,98,19.1302057983
229,1,159,22.8315077724
39,1,791,78.8607344945
124,1,54,36.0148552365
154,1,89,190.919187939
29,0,712,230.258509299
171,1,101,19.5356709064
238,2,7,19.9411360146
107,2,425,184.732979315
56,2,688,230.258509299
551,1,219,230.258509299
192,1,328,230.258509299
265,2,34,46.3078309426
373,2,104,52.8995046746
48,1,800,52.4940395665
489,0,529,52.0885744584
172,1,104,19.5356709064
143,1,73,19.5356709064
383,2,114,33.1244834786
449,0,979,19.1302057983
536,0,76,61.9760850564
440,0,970,183.922049099
269,2,230,46.3078309426
364,2,325,52.8995046746
306,2,685,230.258509299
462,1,973,230.258509299
145,1,75,19.5356709064
120,1,54,49.1982027005
225,1,157,72.2690607625
2,0,683,25.7218795303
252,2,21,23.2369728806
582,0,122,35.6093901284
332,2,293,19.9411360146
132,1,66,32.7190183705
464,0,994,19.1302057983
10,0,154,230.258509299
511,0,551,19.1302057983
331,2,292,19.9411360146
559,0,99,104.821964314
28,2,6,171.549631851
191,1,123,19.5356709064
69,1,817,65.6773870305
262,2,31,36.4203203446
541,0,81,48.7927375924
327,2,288,194.620489913
564,0,104,108.11780118
509,0,549,19.1302057983
220,1,152,65.6773870305
474,2,995,188.028816181
147,1,79,19.5356709064
296,2,257,19.9411360146
78,2,396,56.1953415406
342,2,303,19.9411360146
548,1,477,230.258509299
590,0,7,42.2010638604
281,2,242,29.8286466126
452,0,982,19.1302057983
552,0,92,29.0177163963
377,2,108,52.8995046746
523,0,563,61.9760850564
535,1,139,230.258509299
311,2,272,19.9411360146
532,0,72,68.5677587884
99,1,831,230.258509299
129,1,59,29.4231815045
7,0,688,19.1302057983
34,1,784,26.1273446385
597,0,14,61.9760850564
91,2,409,26.5328097466
174,1,106,19.5356709064
328,2,289,19.9411360146
22,0,810,19.1302057983
314,2,275,19.9411360146
100,2,418,19.9411360146
74,1,826,39.3106921025
610,0,27,85.0469431184
127,2,239,188.028816181
68,1,818,45.9023658345
20,0,808,65.2719219224
258,2,27,29.8286466126
218,1,148,19.5356709064
249,2,18,19.9411360146
14,1,940,230.258509299
380,2,111,36.4203203446
283,2,244,49.6036678086
108,2,426,19.9411360146
396,2,127,19.9411360146
13,0,694,25.7218795303
384,2,115,26.5328097466
300,2,261,19.9411360146
326,2,321,230.258509299
379,2,110,49.6036678086
515,0,555,22.4260426643
77,2,395,59.4911784066
289,2,250,19.9411360146
44,1,794,19.5356709064
309,2,270,19.9411360146
395,2,126,194.620489913
4,0,685,75.1594325204
273,2,234,36.4203203446
