497,0,937,32.3135532624
389,1,321,26.1273446385
510,0,950,29.0177163963
253,0,646,19.1302057983
346,0,886,25.7218795303
494,0,934,42.2010638604
5,0,8,19.1302057983
66,2,599,26.5328097466
15,0,18,19.1302057983
232,0,203,48.7927375924
26,0,29,19.1302057983
268,0,661,22.4260426643
219,0,215,22.4260426643
316,0,760,19.1302057983
106,2,582,23.2369728806
397,1,329,22.8315077724
495,0,976,25.7218795303
111,1,637,22.8315077724
148,2,5,19.9411360146
203,0,199,19.1302057983
556,1,767,19.5356709064
457,1,397,22.8315077724
150,2,268,19.9411360146
257,0,414,19.1302057983
144,2,267,164.957958119
293,0,737,19.1302057983
279,0,672,22.4260426643
436,1,368,26.1273446385
502,0,942,25.7218795303
179,0,175,38.9052269944
608,0,335,19.1302057983
205,0,201,19.1302057983
292,0,695,19.1302057983
423,1,311,111.819103155
35,0,63,19.1302057983
241,1,216,55.7898764325
18,0,46,19.1302057983
398,1,338,78.8607344945
372,1,311,72.2690607625
575,0,296,42.2010638604
496,0,977,38.9052269944
55,0,83,19.1302057983
267,0,670,25.7218795303
607,0,334,19.1302057983
136,2,459,33.1244834786
406,1,345,19.5356709064
59,0,87,25.7218795303
33,0,61,19.1302057983
514,1,508,55.7898764325
581,0,302,45.4969007264
272,0,665,19.1302057983
84,2,630,23.2369728806
43,0,65,19.1302057983
157,2,14,19.9411360146
546,1,698,78.8607344945
89,2,389,19.9411360146
589,0,310,25.7218795303
505,0,945,19.1302057983
243,1,19,75.5648976285
188,0,184,19.1302057983
367,0,907,101.526127448
415,1,354,19.5356709064
488,1,420,36.0148552365
72,2,567,43.0119940766
343,0,842,22.4260426643
407,2,964,230.258509299
580,0,307,22.4260426643
533,1,737,78.8607344945
435,1,367,26.1273446385
222,0,218,29.0177163963
303,0,706,19.1302057983
277,0,670,22.4260426643
606,0,333,19.1302057983
40,0,62,19.1302057983
530,1,740,19.5356709064
79,2,555,66.0828521386
93,2,588,19.9411360146
524,1,429,49.1982027005
542,1,746,75.5648976285
221,0,217,25.7218795303
507,0,988,52.0885744584
87,2,620,26.5328097466
591,0,318,19.1302057983
200,0,196,19.1302057983
344,1,810,65.6773870305
105,2,492,29.8286466126
566,1,776,22.8315077724
470,1,409,19.5356709064
73,2,481,19.9411360146
23,0,51,170.738701635
543,1,747,78.8607344945
347,0,846,29.0177163963
315,0,718,19.1302057983
58,0,86,25.7218795303
83,2,491,23.2369728806
230,0,226,45.4969007264
101,2,577,26.5328097466
499,0,980,29.0177163963
138,2,461,36.4203203446
329,0,732,38.9052269944
403,1,343,62.3815501645
151,2,261,49.6036678086
577,0,304,25.7218795303
337,0,836,19.1302057983
158,2,15,19.9411360146
421,1,353,26.1273446385
350,0,890,35.6093901284
274,0,425,19.1302057983
53,0,81,19.1302057983
76,2,312,19.9411360146
160,2,17,19.9411360146
368,0,898,61.9760850564
234,1,158,52.4940395665
463,1,395,26.1273446385
429,1,320,105.227429423
340,0,880,25.7218795303
345,0,844,22.4260426643
239,0,210,65.2719219224
50,0,72,19.1302057983
47,0,69,19.1302057983
237,1,161,49.1982027005
412,1,352,36.0148552365
371,1,303,45.9023658345
374,1,148,115.114940021
27,0,30,19.1302057983
54,0,57,19.1302057983
411,1,350,19.5356709064
284,0,687,19.1302057983
563,1,773,19.5356709064
333,0,832,29.0177163963
424,1,363,19.5356709064
393,2,715,89.1537102006
319,0,722,22.4260426643
96,2,591,19.9411360146
561,1,771,19.5356709064
405,1,345,55.7898764325
212,0,208,19.1302057983
135,2,458,33.1244834786
256,0,659,48.7927375924
31,0,34,19.1302057983
490,0,971,48.7927375924
298,0,652,68.5677587884
190,0,186,19.1302057983
182,2,300,62.7870152726
57,0,85,65.2719219224
573,1,783,39.3106921025
80,2,316,19.9411360146
512,0,952,35.6093901284
354,0,884,42.2010638604
596,0,317,19.1302057983
487,0,968,35.6093901284
128,2,623,23.2369728806
110,1,636,22.8315077724
513,0,953,38.9052269944
528,1,738,19.5356709064
386,1,318,26.1273446385
62,0,90,29.0177163963
498,0,979,25.7218795303
209,0,180,19.1302057983
248,0,405,42.2010638604
430,1,369,19.5356709064
598,0,319,19.1302057983
254,0,647,19.1302057983
382,1,314,26.1273446385
321,0,675,98.2302905824
255,0,412,22.4260426643
585,0,312,19.1302057983
169,2,134,26.5328097466
163,2,20,23.2369728806
338,0,837,19.1302057983
11,0,39,19.1302057983
213,0,209,19.1302057983
175,2,140,43.0119940766
567,1,777,22.8315077724
579,0,306,35.6093901284
466,1,398,26.1273446385
432,1,371,19.5356709064
97,2,592,19.9411360146
317,0,761,19.1302057983
302,0,705,19.1302057983
503,0,984,35.6093901284
468,1,407,19.5356709064
24,0,52,19.1302057983
574,0,301,29.0177163963
271,0,422,25.7218795303
504,0,884,32.3135532624
184,0,155,19.1302057983
201,0,172,19.1302057983
131,2,249,19.9411360146
130,2,517,39.7161572106
81,2,489,23.2369728806
42,0,70,19.1302057983
187,0,158,19.1302057983
492,0,932,42.2010638604
480,1,419,29.4231815045
410,1,349,19.5356709064
438,1,378,19.5356709064
278,0,722,25.7218795303
401,1,340,19.5356709064
360,0,91,230.258509299
485,1,424,39.3106921025
471,1,410,19.5356709064
473,0,853,98.2302905824
335,0,875,29.0177163963
177,0,148,35.6093901284
391,0,314,203.697070295
113,2,589,23.2369728806
358,0,849,104.821964314
420,1,352,26.1273446385
199,0,170,19.1302057983
355,0,885,42.2010638604
568,0,289,55.3844113244
149,2,272,168.253794985
286,0,730,19.1302057983
36,0,64,22.4260426643
422,2,725,95.7453839327
259,0,410,55.3844113244
194,0,190,19.1302057983
357,0,856,58.6802481904
214,0,185,19.1302057983
140,2,527,66.0828521386
236,1,160,49.1982027005
456,1,395,19.5356709064
439,1,330,95.3399188245
453,1,385,26.1273446385
141,2,259,19.9411360146
611,0,313,19.1302057983
299,0,702,19.1302057983
323,0,726,22.4260426643
45,0,73,19.1302057983
245,1,169,39.3106921025
208,0,204,22.4260426643
32,0,35,19.1302057983
560,1,771,22.8315077724
244,1,220,101.931592557
600,0,302,19.1302057983
250,0,407,35.6093901284
486,0,957,78.4552693864
251,0,408,32.3135532624
64,0,92,32.3135532624
156,2,13,19.9411360146
414,1,353,19.5356709064
586,0,313,19.1302057983
60,0,82,45.4969007264
595,0,297,19.1302057983
461,1,400,19.5356709064
240,0,211,68.5677587884
134,2,252,19.9411360146
525,1,736,32.7190183705
553,1,705,72.2690607625
285,0,729,19.1302057983
538,1,749,19.5356709064
103,2,579,26.5328097466
376,1,308,32.7190183705
217,0,213,19.1302057983
565,1,775,22.8315077724
304,0,697,91.6386168504
531,1,741,19.5356709064
506,0,886,32.3135532624
266,0,659,19.1302057983
152,2,9,19.9411360146
365,0,905,98.2302905824
594,0,296,19.1302057983
325,0,775,101.526127448
162,2,19,23.2369728806
520,1,731,49.1982027005
228,0,224,42.2010638604
86,2,494,23.2369728806
153,2,10,19.9411360146
547,1,699,75.5648976285
361,1,245,108.523266289
52,0,802,230.258509299
88,2,324,19.9411360146
82,2,318,19.9411360146
539,1,750,19.5356709064
491,0,972,29.0177163963
114,2,590,23.2369728806
70,2,603,19.9411360146
363,0,893,55.3844113244
310,0,713,19.1302057983
308,0,752,19.1302057983
482,1,414,26.1273446385
270,0,673,19.1302057983
71,2,307,26.5328097466
301,0,603,38.9052269944
348,0,878,52.0885744584
475,1,414,26.1273446385
381,1,265,88.7482450925
540,1,750,19.5356709064
352,0,892,78.4552693864
295,0,739,19.1302057983
202,0,198,19.1302057983
493,0,974,25.7218795303
578,0,305,25.7218795303
125,2,601,19.9411360146
122,2,598,19.9411360146
17,0,45,19.1302057983
312,0,614,58.6802481904
455,1,359,230.258509299
334,0,732,91.6386168504
477,1,417,39.3106921025
30,0,33,19.1302057983
428,1,209,108.523266289
599,0,320,19.1302057983
247,1,4,32.7190183705
109,2,604,23.2369728806
19,0,22,19.1302057983
465,1,397,26.1273446385
516,1,676,111.819103155
280,0,683,19.1302057983
223,0,194,32.3135532624
16,0,19,19.1302057983
137,2,255,19.9411360146
605,0,332,19.1302057983
123,2,599,19.9411360146
206,0,202,19.1302057983
67,0,95,42.2010638604
431,1,370,19.5356709064
197,0,193,19.1302057983
226,0,25,190.513722831
41,0,69,19.1302057983
557,1,768,19.5356709064
419,1,351,26.1273446385
588,0,290,19.1302057983
115,2,523,52.8995046746
434,1,373,19.5356709064
235,1,159,49.1982027005
168,2,278,36.4203203446
195,0,191,19.1302057983
227,0,217,45.4969007264
394,1,334,88.7482450925
159,2,16,19.9411360146
562,1,773,22.8315077724
198,0,188,75.1594325204
341,0,840,19.1302057983
242,0,399,58.6802481904
211,0,182,19.1302057983
508,0,940,52.0885744584
554,1,706,68.9732238965
601,0,303,19.1302057983
92,2,500,23.2369728806
37,0,65,19.1302057983
483,1,415,26.1273446385
181,2,146,56.1953415406
297,0,741,19.1302057983
233,0,223,58.6802481904
90,2,623,26.5328097466
447,1,386,19.5356709064
330,0,870,45.4969007264
231,0,202,45.4969007264
362,0,902,68.5677587884
400,1,340,72.2690607625
85,2,321,19.9411360146
369,1,153,95.3399188245
65,2,598,26.5328097466
409,1,193,125.002450619
479,1,260,92.0440819585
146,2,111,49.6036678086
402,1,342,65.6773870305
282,0,675,32.3135532624
261,1,236,32.7190183705
322,0,725,22.4260426643
437,1,377,19.5356709064
518,1,423,49.1982027005
305,0,708,19.1302057983
408,1,340,26.1273446385
336,0,835,19.1302057983
178,0,149,35.6093901284
176,0,147,38.9052269944
527,1,737,19.5356709064
484,1,416,29.4231815045
164,2,282,23.2369728806
469,1,409,29.4231815045
307,0,710,19.1302057983
441,1,381,19.5356709064
294,0,445,61.9760850564
366,0,896,61.9760850564
392,1,324,22.8315077724
246,1,3,29.4231815045
388,1,327,29.4231815045
460,1,399,19.5356709064
571,1,781,36.0148552365
183,0,179,25.7218795303
378,1,317,52.4940395665
142,2,260,19.9411360146
583,0,310,19.1302057983
196,0,192,19.1302057983
526,1,431,45.9023658345
207,0,178,19.1302057983
433,1,372,19.5356709064
276,0,427,22.4260426643
112,2,607,19.9411360146
215,0,211,19.1302057983
173,2,283,39.7161572106
425,1,366,167.848329877
9,0,12,19.1302057983
98,2,593,19.9411360146
6,0,34,19.1302057983
1,0,29,22.4260426643
458,1,390,26.1273446385
165,2,130,19.9411360146
224,0,195,35.6093901284
126,2,621,23.2369728806
587,0,289,19.1302057983
139,2,526,62.7870152726
290,0,683,52.0885744584
454,1,394,19.5356709064
133,2,232,33.1244834786
517,1,727,42.6065289685
95,2,503,26.5328097466
537,1,697,111.819103155
413,1,353,36.0148552365
569,1,780,29.4231815045
356,0,855,58.6802481904
180,0,176,35.6093901284
204,0,175,19.1302057983
555,1,766,19.5356709064
291,0,694,19.1302057983
313,0,757,68.5677587884
104,2,580,26.5328097466
370,1,302,49.1982027005
444,1,384,19.5356709064
210,0,181,19.1302057983
609,0,311,19.1302057983
592,0,319,19.1302057983
550,1,761,19.5356709064
416,1,356,32.7190183705
260,0,653,19.1302057983
320,0,764,88.3427799844
275,0,432,65.2719219224
118,2,613,19.9411360146
121,2,597,19.9411360146
390,1,322,26.1273446385
445,1,384,19.5356709064
119,2,595,19.9411360146
263,0,656,19.1302057983
21,0,49,19.1302057983
481,1,413,26.1273446385
404,1,336,26.1273446385
448,1,380,26.1273446385
417,2,720,92.4495470666
359,0,889,45.4969007264
318,0,620,71.8635956544
418,1,358,32.7190183705
339,0,879,65.2719219224
353,0,883,42.2010638604
593,0,295,19.1302057983
25,0,28,19.1302057983
51,0,54,19.1302057983
576,0,297,38.9052269944
216,0,212,19.1302057983
193,0,189,19.1302057983
324,0,768,32.3135532624
3,0,6,19.1302057983
467,1,406,19.5356709064
545,1,697,82.1565713605
46,0,68,19.1302057983
287,0,731,19.1302057983
612,0,339,22.4260426643
519,1,730,52.4940395665
399,1,338,19.5356709064
603,0,330,19.1302057983
288,0,691,19.1302057983
501,0,982,32.3135532624
584,0,311,22.4260426643
572,0,274,55.3844113244
427,1,366,19.5356709064
189,0,185,19.1302057983
442,1,381,19.5356709064
472,1,412,29.4231815045
63,0,91,29.0177163963
426,1,365,19.5356709064
12,0,40,19.1302057983
170,2,135,29.8286466126
521,1,732,45.9023658345
534,1,744,19.5356709064
544,1,755,19.5356709064
385,1,324,39.3106921025
166,2,131,19.9411360146
49,0,71,19.1302057983
38,0,66,25.7218795303
529,1,434,52.4940395665
61,0,83,45.4969007264
75,2,483,19.9411360146
570,1,781,32.7190183705
446,1,385,19.5356709064
116,2,592,23.2369728806
549,1,760,19.5356709064
349,0,747,101.526127448
478,1,410,26.1273446385
602,0,329,19.1302057983
375,1,307,32.7190183705
351,1,436,230.258509299
443,1,383,19.5356709064
186,0,182,22.4260426643
500,0,981,29.0177163963
451,1,391,19.5356709064
264,0,657,19.1302057983
155,2,12,19.9411360146
522,1,733,42.6065289685
185,0,156,19.1302057983
450,1,390,19.5356709064
8,0,30,85.0469431184
476,1,408,26.1273446385
459,1,398,19.5356709064
102,2,648,36.4203203446
94,2,589,19.9411360146
387,1,319,26.1273446385
117,2,593,19.9411360146
604,0,306,19.1302057983
167,2,277,39.7161572106
161,2,18,19.9411360146
558,1,769,19.5356709064
229,0,225,45.4969007264
39,0,67,19.1302057983
124,2,511,26.5328097466
154,2,11,19.9411360146
29,0,57,177.330375367
171,0,142,52.0885744584
238,0,234,71.8635956544
107,2,494,29.8286466126
56,0,84,19.1302057983
551,1,761,19.5356709064
192,0,163,19.1302057983
265,0,668,32.3135532624
373,1,305,39.3106921025
48,0,51,19.1302057983
489,0,970,32.3135532624
172,2,282,39.7161572106
143,2,0,19.9411360146
383,1,315,26.1273446385
449,1,388,19.5356709064
536,1,441,65.6773870305
440,1,380,19.5356709064
269,0,672,19.1302057983
364,0,904,75.1594325204
306,0,709,19.1302057983
462,1,402,26.1273446385
145,2,2,19.9411360146
120,2,507,26.5328097466
225,0,196,35.6093901284
2,0,24,111.413638046
252,0,645,22.4260426643
582,0,309,19.1302057983
332,0,730,91.6386168504
132,2,250,19.9411360146
464,1,403,19.5356709064
10,0,38,19.1302057983
511,0,943,55.3844113244
331,0,830,35.6093901284
559,1,769,19.5356709064
28,0,56,19.1302057983
191,0,162,19.1302057983
69,2,477,26.5328097466
262,0,665,32.3135532624
541,1,446,75.5648976285
327,0,144,230.258509299
564,1,775,22.8315077724
509,0,949,25.7218795303
220,0,191,25.7218795303
474,1,414,32.7190183705
147,2,4,19.9411360146
296,0,699,19.1302057983
78,2,486,19.9411360146
342,0,882,61.9760850564
548,1,759,22.8315077724
590,0,317,19.1302057983
281,0,684,19.1302057983
452,1,391,19.5356709064
552,1,762,19.5356709064
377,1,161,92.0440819585
523,1,733,29.4231815045
535,1,746,19.5356709064
311,0,755,68.5677587884
532,1,526,82.1565713605
99,2,594,19.9411360146
129,2,605,29.8286466126
7,0,10,19.1302057983
34,0,37,19.1302057983
597,0,324,19.1302057983
91,2,327,23.2369728806
174,2,297,181.437142449
328,0,731,35.6093901284
22,0,50,19.1302057983
314,0,717,19.1302057983
100,2,595,19.9411360146
74,2,482,19.9411360146
610,0,337,32.3135532624
127,2,450,26.5328097466
68,2,304,33.1244834786
20,0,23,19.1302057983
258,1,233,26.1273446385
218,0,189,19.1302057983
249,0,642,32.3135532624
14,0,17,19.1302057983
380,1,319,49.1982027005
283,0,727,19.1302057983
108,2,584,23.2369728806
396,2,699,82.5620364686
13,0,16,19.1302057983
384,1,316,26.1273446385
300,0,602,38.9052269944
326,0,729,32.3135532624
379,1,318,52.4940395665
515,1,675,115.114940021
77,2,485,19.9411360146
289,0,682,48.7927375924
44,0,47,19.1302057983
309,0,712,19.1302057983
395,1,276,108.523266289
4,0,32,25.7218795303
273,0,676,19.1302057983
