Contig Bin_Offset k-mer_offsets
0 0-100: 407 408 409 410 411 412 413 414 415 416 417 418 419 420 421 422 423 424 425 426 427 428 429 430 431 432 433 434 435 436 437 438 439 440 441 442 443 444 445 446 447 448 449 450 451 452 453 454 455 456 457 458 459 460 461 462 463 464 465 466 467 468 469 470 471 472 473 474 475 476 477 478 479 480 481 482 483 484 485 486 487 488 489 490 491 492 493 494 495 496 497 498 499 500 501 502 503 504 505 506
0 100-200: 507 508 509 510 511 512 513 514 515 516 517 518 519 520 521 522
0 200-300: 338 339 340 342 343 344 345 346 347 348 349 350 351 352 354 355 356 357 358 361 362 363 365 367
0 300-400: 313 308 309 302 310 312 314 316 317 321 322 323 353 325 326 327 329 330 331 332
0 400-500: 335 336 337 299 303 304 305 306 307 311 315 318 360 319 320 364 324 328 333 334 341 366 359 368
0 500-600: 523 524 526 529 533 537 538 540 543 548 556
0 600-700: 525 527 528 547 530 549 531 551 532 553 534 554 535 555 536 557 539 559 560 541 542 561 562 563 544 545 564 546 565 566 568 550 571 552 558 196 202
0 700-800: 
0 800-900: 199 162 164 166 197 170
0 900-1000: 172 186 174 180 160 168 169 173 178 187 188 189 191 193 194 200 206 207 210 165 167 214 171 220 221 175 176 222 177 224 179 227 181 182 228 183 184 231 185 235 190 236 192 238 239 241 195 198
0 1000-1100: 204 208 209 223 225 226 230 232 233 234 237 240 584 583 575 577 578 579 580 581 582
0 1100-1200: 586 587 588 589 590 591 594 595 596 602 603 605 607 608 609 610 611 567 569 570 572 573 574 576 585 592 593 597 598 599 600 601 604 606 612 100 115
0 1200-1300: 111 101 102 103 105 109 80 82 83 88 94 96 97
0 1300-1400: 84 86 87 90 93 98 104 106 112 114 117 118 119 120 121 129 123 124 125 126 81 128 137 85 132 89 91 138 92 141 95 143 144 99 146 147 139 107 108 110 113 148 116 122 127
0 1400-1500: 130 131 133 134 135 136 140 142
0 1500-1600: 4 5
0 1600-1700: 3 6
0 1700-1800: 13 31 33 34 35 38 25 39 26 41 29 43 44 27 30
0 1800-1900: 36 1 2 40 32 37 8 10 28 45 16 19 46 47 21 22 23 53 42 48 49 50 51 54
0 1900-2000: 7 9 11 12 14 15 17 18 20
1 0-100: 369 370 371 372 373 374 375 376 377 378 379 380 381 382 383 384 385 386 387 388 389 390 391 392 393 394 395 396 397 398 399 400 401 402 403 404 405 406
1 100-200: 145 149 150 151 152 153 154 155 156 157 158 159 161 163
1 200-300: 52 55 56 57 58 59 60 61 62 63 64 65 66 67 68 69 70 71 72 73 74 75 76 77 78 79
1 300-400: 229 242 243 244 245 246 247 248 249 250 251 252 253 254
1 400-500: 255 258 296 297 298 300 301 256 257 259 260 261 262 263 264 265 266 267 268 269 270
1 500-600: 271 272 273 274 275 276 277 278 279 280 281 282 283 284 285 286 287 288 289 290 291 292 293 294 295
1 600-700: 
1 700-800: 
1 800-900: 201 212 216 213 215 218 203 205 211 217
