Contig Bin_Offset k-mer_offsets
0 0-100: 207 350 362 346 607 87 466 377 344 409 441 275 410 453 101 123 461 235 277 111 32 126 406 585 394 267 110 501 13 505
0 100-200: 420 9 606 100 509 225 236 92 122 459 537 232 150 569 214 597 365 280 381 64 263 343 167
0 200-300: 298 471 588 340 566 222 376 557 195 476 174 432 407 79 138 412 470 369 418 425 547 338 458 20
0 300-400: 486 550 40 603 530 22 136 375 446 608 297 487 415 544 142 452 609
0 400-500: 293 587 546 304 158 504 584 250 583 68 491 524 146 571 132 59
0 500-600: 422 562 424 496 81 131 398 478 402 551 417 116 579 24 534 403 148 516 159
0 600-700: 286 416 45 335 324 427 153 489 312 347 210 246 238 43 555 34
0 700-800: 252 265 137 260 226 264 467 130 523 301 429 507 128 528 443 251 488 500 454 322 249 108 363 510 421 331 99 299 237
0 800-900: 259 316 53 1 357 94 75 542 97 536 522 63 217 430 115 385 69 71 231 374 156
0 900-1000: 180 106 434 601 339 302 170 359 438 234 556 291 499 172 596 262 182
1 0-100: 155 380 475 589 241 594 84 426 281 572 371 318 378 447 21 364 179 367 85
1 100-200: 404 372 5 463 204 191 480 168 605 386 135 147 206 349 233 518 256 184 366 161 19
1 200-300: 484 54 239 257 60 456 442 223 2 468 449 437 303 574 477 370 503
1 300-400: 227 243 188 12 104 35 578 492 300 383 539 559 18 52 89 428 414 511 17 230 577 157
1 400-500: 208 602 565 306 393 144 27 154 479 4 140 247 105 196 284 573 119 440 28 411
1 500-600: 270 336 39 149 86 548 103 337 183 465 26 55 173 379 212 91 474 387 460
1 600-700: 215 358 317 598 271 83 482 610 558 319 197 521 333 8 295 408 593 390 31 193 77
1 700-800: 564 96 538 198 66 388 545 483 163 435 399 61 240 549 49 529 419 46 591 575 57 141 328 311 341 498 469
1 800-900: 133 552 261 175 560 72 129 109 464 269 490 535 253 405 515 199 356 332 581 255
1 900-1000: 203 327 396 221 472 23 266 218 455 65 287 112 361 554 310 177 114
2 0-100: 296 229 254 590 224 330 29 397 582 171 352 78 462 187 127 160 33 268 62
2 100-200: 219 190 423 612 10 514 586 520 76 88 611 41 485 481 25 580 248 118 600
2 200-300: 56 245 334 508 169 283 95 282 3 439 50 38 181 389 355 272 194 512 525 139 570 294 517 444
2 300-400: 244 451 450 205 276 98 285 189 309 497 604 165 67 519
2 400-500: 164 273 145 540 48 533 568 113 445 506 527 102 176 502
2 500-600: 93 30 342 143 209 321 201 561 348 290 513 392 124 192 58 134 242 351 274 353 315 42
2 600-700: 532 313 323 526 151 400 436 384 360 473 354 373 413 592 258 320 329 200 325 166 567 80 186 541 185 74
2 700-800: 292 433 211 457 382 228 495 6 553 576 44 543 431 345 107 494
2 800-900: 37 279 314 120 47 401 289 595 220 51 305 288 563 448 326 73 202 14 125 493 82 307 16
2 900-1000: 15 90 162 308 368 599 178 391 121 152 7 216 213 36 531 395
