497,2,369,230.258509299
389,1,20,32.7190183705
510,0,589,88.3427799844
253,1,862,230.258509299
346,0,455,94.9344537164
494,0,87,35.6093901284
5,2,886,29.8286466126
66,1,222,19.5356709064
15,2,896,151.774610655
232,2,11,19.9411360146
26,2,907,19.9411360146
268,1,497,22.8315077724
219,1,891,29.4231815045
316,0,822,230.258509299
106,0,906,230.258509299
397,1,28,59.0857132985
495,0,88,38.9052269944
111,0,116,193.809559697
148,0,890,206.992907161
203,1,875,36.0148552365
556,0,938,230.258509299
457,2,723,230.258509299
150,1,115,22.8315077724
257,1,486,62.3815501645
144,1,109,36.0148552365
293,1,522,22.8315077724
279,1,508,19.5356709064
436,2,626,230.258509299
502,0,581,111.413638046
179,0,978,19.1302057983
608,2,151,46.3078309426
205,1,877,32.7190183705
292,2,711,230.258509299
423,2,109,204.508000511
35,2,916,36.4203203446
241,1,26,230.258509299
18,2,899,151.774610655
398,1,29,55.7898764325
372,1,3,26.1273446385
575,2,118,19.9411360146
496,0,748,111.413638046
55,1,211,32.7190183705
267,0,83,230.258509299
607,2,150,197.916326779
136,0,335,230.258509299
406,1,37,75.5648976285
59,1,215,171.144166743
33,2,914,29.8286466126
514,0,592,19.1302057983
581,2,124,23.2369728806
272,2,260,230.258509299
84,2,334,26.5328097466
43,1,199,68.9732238965
157,1,122,26.1273446385
546,0,624,29.0177163963
89,2,339,23.2369728806
589,2,132,19.9411360146
505,0,583,19.1302057983
243,2,22,36.4203203446
188,0,987,22.4260426643
367,0,475,35.6093901284
415,0,8,25.7218795303
488,2,174,188.028816181
72,1,834,230.258509299
343,0,452,91.6386168504
407,0,0,38.9052269944
580,2,123,19.9411360146
533,0,613,190.513722831
435,1,740,230.258509299
222,0,131,187.217885965
303,1,268,230.258509299
277,1,506,19.5356709064
606,2,149,197.916326779
40,0,309,230.258509299
530,0,610,187.217885965
79,2,329,36.4203203446
93,2,502,230.258509299
524,0,603,58.6802481904
542,0,620,19.1302057983
221,2,0,36.4203203446
507,0,747,230.258509299
87,0,23,230.258509299
591,2,134,23.2369728806
200,2,667,230.258509299
344,0,3,203.697070295
105,1,444,230.258509299
566,2,109,33.1244834786
470,0,64,58.6802481904
73,1,229,19.5356709064
23,1,942,230.258509299
543,0,621,19.1302057983
347,0,456,94.9344537164
315,0,424,25.7218795303
58,1,214,36.0148552365
83,1,632,230.258509299
230,2,9,19.9411360146
101,2,351,19.9411360146
499,0,577,32.3135532624
138,0,880,200.401233429
329,2,655,230.258509299
403,1,34,68.9732238965
151,1,116,19.5356709064
577,2,120,26.5328097466
337,0,445,19.1302057983
158,0,422,230.258509299
421,0,14,25.7218795303
350,0,459,101.526127448
274,1,503,32.7190183705
53,1,209,174.440003609
76,1,232,177.735840475
160,1,125,36.0148552365
368,0,476,38.9052269944
234,2,13,19.9411360146
463,1,115,230.258509299
429,0,23,42.2010638604
340,1,503,204.102535403
345,0,453,19.1302057983
239,2,18,26.5328097466
50,2,233,230.258509299
47,1,203,55.7898764325
237,2,16,23.2369728806
412,0,5,32.3135532624
371,1,47,230.258509299
374,1,5,19.5356709064
27,2,908,29.8286466126
54,1,209,230.258509299
411,1,495,230.258509299
284,1,513,19.5356709064
563,2,106,56.1953415406
333,0,441,19.1302057983
424,2,110,204.508000511
393,1,24,42.6065289685
319,0,427,22.4260426643
96,2,346,181.437142449
561,2,543,230.258509299
405,1,36,75.5648976285
212,1,884,19.5356709064
135,1,100,59.0857132985
256,1,485,19.5356709064
31,1,692,230.258509299
490,0,83,25.7218795303
298,0,208,230.258509299
190,0,990,81.7511062524
182,0,982,78.4552693864
57,1,213,36.0148552365
573,2,116,23.2369728806
80,2,330,26.5328097466
512,2,269,230.258509299
354,0,462,19.1302057983
596,2,139,19.9411360146
487,0,81,108.11780118
128,2,378,36.4203203446
110,2,360,19.9411360146
513,0,592,81.7511062524
528,0,606,19.1302057983
386,1,17,32.7190183705
62,1,218,32.7190183705
498,0,576,32.3135532624
209,1,881,108.523266289
248,2,27,49.6036678086
430,0,25,203.697070295
598,2,141,194.620489913
254,1,483,22.8315077724
382,1,13,19.5356709064
321,0,430,45.4969007264
255,1,890,230.258509299
585,2,128,19.9411360146
169,0,968,35.6093901284
163,1,128,39.3106921025
338,0,285,230.258509299
11,2,892,19.9411360146
213,1,885,101.931592557
175,0,974,25.7218795303
567,2,110,184.732979315
579,2,122,19.9411360146
466,0,25,230.258509299
432,0,25,25.7218795303
97,2,347,19.9411360146
317,1,480,197.510861671
302,0,411,29.0177163963
503,0,756,197.105396563
468,0,61,19.1302057983
24,2,905,19.9411360146
574,2,117,33.1244834786
271,1,500,19.5356709064
504,0,583,104.821964314
184,0,984,78.4552693864
201,2,542,230.258509299
131,2,381,46.3078309426
130,0,724,230.258509299
81,2,331,26.5328097466
42,2,923,56.1953415406
187,0,986,22.4260426643
492,1,331,230.258509299
480,0,74,85.0469431184
410,0,3,35.6093901284
438,0,31,25.7218795303
278,1,507,26.1273446385
401,1,32,62.3815501645
360,2,629,230.258509299
485,0,78,19.1302057983
471,0,208,230.258509299
473,0,67,65.2719219224
335,0,443,19.1302057983
177,0,976,19.1302057983
391,1,22,42.6065289685
113,2,363,19.9411360146
358,0,466,19.1302057983
420,0,13,25.7218795303
199,1,877,230.258509299
355,0,464,108.11780118
568,2,454,230.258509299
149,1,114,32.7190183705
286,1,515,19.5356709064
36,2,917,36.4203203446
422,0,500,230.258509299
259,1,488,19.5356709064
194,1,159,115.114940021
357,0,824,230.258509299
214,1,886,98.6357556905
140,1,105,55.7898764325
236,0,134,230.258509299
456,0,50,19.1302057983
439,0,34,187.217885965
453,0,48,187.217885965
141,1,781,230.258509299
611,0,983,200.401233429
299,0,407,25.7218795303
323,0,431,19.1302057983
45,2,80,168.253794985
245,2,207,230.258509299
208,1,402,230.258509299
32,0,77,230.258509299
560,2,103,194.620489913
244,2,23,191.324653047
600,2,198,230.258509299
250,2,29,56.1953415406
486,2,172,184.732979315
251,1,480,187.623351073
64,1,220,19.5356709064
156,1,121,26.1273446385
414,1,375,230.258509299
586,2,130,230.258509299
60,1,216,32.7190183705
595,2,138,19.9411360146
461,0,55,35.6093901284
240,2,19,26.5328097466
134,2,559,230.258509299
525,0,604,55.3844113244
553,2,759,230.258509299
285,1,514,26.1273446385
538,1,711,230.258509299
103,2,353,33.1244834786
376,0,221,230.258509299
217,1,889,22.8315077724
565,1,408,230.258509299
304,0,412,22.4260426643
531,0,609,19.1302057983
506,0,584,19.1302057983
266,1,495,19.5356709064
152,1,117,19.5356709064
365,0,166,230.258509299
594,2,137,19.9411360146
325,1,488,197.510861671
162,2,937,230.258509299
520,0,598,19.1302057983
228,2,7,19.9411360146
86,2,336,26.5328097466
153,1,118,200.806698537
547,0,625,29.0177163963
361,0,469,25.7218795303
52,1,372,230.258509299
88,2,338,26.5328097466
82,2,332,23.2369728806
539,0,617,19.1302057983
491,0,84,29.0177163963
114,2,364,19.9411360146
70,1,226,19.5356709064
363,0,471,25.7218795303
310,1,975,230.258509299
308,0,416,22.4260426643
482,0,75,19.1302057983
270,1,505,230.258509299
71,1,227,167.848329877
301,0,410,32.3135532624
348,0,456,19.1302057983
475,0,68,19.1302057983
381,0,169,230.258509299
540,2,415,230.258509299
352,0,460,19.1302057983
295,1,524,39.3106921025
202,2,866,230.258509299
493,2,179,191.324653047
578,2,121,19.9411360146
125,2,375,85.8578733346
122,0,138,230.258509299
17,2,898,23.2369728806
312,0,421,25.7218795303
455,0,50,190.513722831
334,0,442,19.1302057983
477,1,276,230.258509299
30,2,911,23.2369728806
428,0,21,25.7218795303
599,2,142,23.2369728806
247,2,26,46.3078309426
109,2,359,43.0119940766
19,2,900,19.9411360146
465,0,58,19.1302057983
516,0,595,71.8635956544
280,0,166,230.258509299
223,2,2,33.1244834786
16,2,898,230.258509299
137,0,879,200.401233429
605,2,148,33.1244834786
123,0,58,230.258509299
206,1,878,32.7190183705
67,1,223,26.1273446385
431,0,26,203.697070295
197,1,661,230.258509299
226,2,5,19.9411360146
41,2,165,230.258509299
557,0,635,58.6802481904
419,0,12,25.7218795303
588,2,131,26.5328097466
115,2,992,194.620489913
434,0,27,25.7218795303
235,0,65,230.258509299
168,0,967,38.9052269944
195,0,987,197.105396563
227,2,6,19.9411360146
394,1,25,52.4940395665
159,0,599,230.258509299
562,2,105,46.3078309426
198,1,870,52.4940395665
341,0,449,19.1302057983
242,2,21,188.028816181
211,1,883,101.931592557
508,2,210,230.258509299
554,0,632,52.0885744584
601,2,144,26.5328097466
92,2,342,19.9411360146
37,2,918,39.7161572106
483,1,730,230.258509299
181,0,981,78.4552693864
297,0,373,230.258509299
233,2,12,184.732979315
90,2,340,23.2369728806
447,0,41,19.1302057983
330,0,438,19.1302057983
231,2,10,19.9411360146
362,1,85,197.510861671
400,1,31,59.0857132985
85,2,335,19.9411360146
369,1,0,22.8315077724
65,1,221,19.5356709064
409,0,2,35.6093901284
479,0,72,19.1302057983
146,0,464,230.258509299
402,1,33,72.2690607625
282,2,217,230.258509299
261,1,810,230.258509299
322,0,431,45.4969007264
437,0,30,25.7218795303
518,0,596,19.1302057983
305,0,413,22.4260426643
408,0,1,35.6093901284
336,0,445,75.1594325204
178,2,961,230.258509299
176,0,977,200.401233429
527,0,547,190.513722831
484,2,170,181.437142449
164,1,129,39.3106921025
469,0,62,19.1302057983
307,0,415,22.4260426643
441,0,35,19.1302057983
294,1,523,22.8315077724
366,0,475,137.780332974
392,2,556,230.258509299
246,2,25,46.3078309426
388,1,19,29.4231815045
460,0,54,32.3135532624
571,0,473,230.258509299
183,0,982,19.1302057983
378,1,9,19.5356709064
142,1,107,42.6065289685
583,0,441,230.258509299
196,1,461,230.258509299
526,0,604,19.1302057983
207,0,1,230.258509299
433,2,716,230.258509299
276,1,505,194.215024805
112,2,362,19.9411360146
215,1,604,230.258509299
173,1,576,230.258509299
425,0,18,25.7218795303
9,2,890,158.366284387
98,2,348,23.2369728806
6,2,739,230.258509299
1,2,882,164.957958119
458,0,293,230.258509299
165,1,130,49.1982027005
224,2,3,19.9411360146
126,2,376,33.1244834786
587,2,130,19.9411360146
139,0,881,200.401233429
290,1,519,32.7190183705
454,0,48,19.1302057983
133,1,98,72.2690607625
517,0,595,19.1302057983
95,2,345,19.9411360146
537,0,615,19.1302057983
413,0,6,32.3135532624
569,2,112,26.5328097466
356,0,464,22.4260426643
180,0,902,230.258509299
204,1,876,121.706613753
555,2,98,82.5620364686
291,1,520,32.7190183705
313,2,602,230.258509299
104,1,322,230.258509299
370,1,1,22.8315077724
444,0,38,19.1302057983
210,1,882,105.227429423
609,2,152,33.1244834786
592,2,135,26.5328097466
550,0,628,38.9052269944
416,0,10,75.1594325204
260,1,489,187.623351073
320,0,428,19.1302057983
275,1,504,19.5356709064
118,2,368,19.9411360146
121,2,969,230.258509299
390,1,21,42.6065289685
445,0,39,19.1302057983
119,2,369,69.3786890046
263,1,492,19.5356709064
21,2,902,19.9411360146
481,0,75,88.3427799844
404,1,35,72.2690607625
448,0,43,183.922049099
417,0,10,25.7218795303
359,0,467,22.4260426643
318,0,426,19.1302057983
418,0,11,25.7218795303
339,0,916,230.258509299
353,2,580,230.258509299
593,2,136,19.9411360146
25,2,906,19.9411360146
51,1,207,42.6065289685
576,2,119,19.9411360146
216,1,888,187.623351073
193,0,993,91.6386168504
324,0,433,45.4969007264
3,2,884,161.662121253
467,0,60,19.1302057983
545,1,729,230.258509299
46,1,202,59.0857132985
287,1,960,230.258509299
612,2,971,197.916326779
519,2,396,230.258509299
399,0,525,210.288744027
603,2,146,39.7161572106
288,1,517,19.5356709064
501,0,753,108.11780118
584,0,432,230.258509299
572,2,115,39.7161572106
427,0,20,25.7218795303
189,0,988,22.4260426643
442,0,36,19.1302057983
472,0,65,19.1302057983
63,0,865,230.258509299
426,0,19,25.7218795303
12,2,893,19.9411360146
170,1,135,62.3815501645
521,1,668,230.258509299
534,0,613,61.9760850564
544,0,564,197.105396563
385,0,884,230.258509299
166,1,131,52.4940395665
49,1,205,49.1982027005
38,2,919,43.0119940766
529,1,766,230.258509299
61,1,217,32.7190183705
75,1,231,26.1273446385
570,2,113,26.5328097466
446,0,39,22.4260426643
116,2,366,19.9411360146
549,1,751,230.258509299
349,1,170,230.258509299
478,2,164,191.324653047
602,2,145,201.212163645
375,1,6,29.4231815045
351,0,459,19.1302057983
443,0,37,19.1302057983
186,0,986,71.8635956544
500,0,753,197.105396563
451,0,46,180.626212233
264,1,493,59.0857132985
155,1,120,22.8315077724
522,0,848,230.258509299
185,0,984,19.1302057983
450,0,44,19.1302057983
8,2,889,23.2369728806
476,0,227,230.258509299
459,0,52,19.1302057983
102,2,493,230.258509299
94,2,344,184.732979315
387,1,592,230.258509299
117,2,367,62.7870152726
604,2,147,197.916326779
167,0,188,230.258509299
161,1,126,36.0148552365
558,2,101,59.4911784066
229,2,8,181.437142449
39,2,920,46.3078309426
124,2,374,29.8286466126
154,1,119,22.8315077724
29,2,910,158.366284387
171,0,970,32.3135532624
238,2,17,26.5328097466
107,2,357,19.9411360146
56,1,212,36.0148552365
551,0,530,230.258509299
192,2,556,230.258509299
265,0,704,230.258509299
373,1,4,190.919187939
48,1,204,52.4940395665
489,0,82,25.7218795303
172,0,965,230.258509299
143,1,108,49.1982027005
383,1,14,19.5356709064
449,0,44,180.626212233
536,0,615,65.2719219224
440,0,33,25.7218795303
269,1,498,190.919187939
364,0,472,25.7218795303
306,0,416,200.401233429
462,2,78,230.258509299
145,1,110,32.7190183705
120,2,370,72.6745258706
225,0,111,230.258509299
2,2,883,29.8286466126
252,2,31,62.7870152726
582,2,125,19.9411360146
332,1,879,230.258509299
132,2,382,49.6036678086
464,1,844,230.258509299
10,2,891,19.9411360146
511,0,589,19.1302057983
331,0,439,19.1302057983
559,2,102,56.1953415406
28,2,909,19.9411360146
191,1,128,230.258509299
69,1,225,26.1273446385
262,1,491,59.0857132985
541,0,619,19.1302057983
327,0,436,48.7927375924
564,2,107,39.7161572106
509,0,588,88.3427799844
220,1,892,187.623351073
474,0,67,19.1302057983
147,1,112,39.3106921025
296,1,525,26.1273446385
78,2,71,230.258509299
342,1,505,204.102535403
548,0,42,206.992907161
590,2,133,23.2369728806
281,1,510,19.5356709064
452,0,47,183.922049099
552,0,630,45.4969007264
377,0,25,230.258509299
523,0,601,19.1302057983
535,0,613,19.1302057983
311,0,419,19.1302057983
532,0,610,19.1302057983
99,2,349,19.9411360146
129,1,834,230.258509299
7,2,888,155.070447521
34,2,915,33.1244834786
597,2,140,19.9411360146
91,2,341,19.9411360146
174,0,231,230.258509299
328,0,437,52.0885744584
22,2,903,23.2369728806
314,2,815,230.258509299
100,2,350,29.8286466126
74,1,230,22.8315077724
610,2,153,33.1244834786
127,2,79,230.258509299
68,1,224,167.848329877
20,2,901,23.2369728806
258,1,487,62.3815501645
218,1,890,26.1273446385
249,1,478,32.7190183705
14,2,895,19.9411360146
380,1,11,177.735840475
283,1,512,26.1273446385
108,2,358,36.4203203446
396,1,27,49.1982027005
13,2,894,19.9411360146
384,1,15,184.327514207
300,1,349,230.258509299
326,0,435,52.0885744584
379,1,10,29.4231815045
515,1,875,230.258509299
77,1,699,230.258509299
289,2,819,230.258509299
44,2,925,59.4911784066
309,0,418,22.4260426643
395,1,26,45.9023658345
4,2,885,26.5328097466
273,1,502,187.623351073
